6697769
(3842919, 126080) 1893066
(406527, 2094318) 1168633
(2208821, 3683408) 1326692
(39441, 1251806) 121979
(3093352, 2404566) 577623
(3645473, 2234498) 614746
(3645012, 2995540) 565009
(18039, 3083937) 161808
(2375680, 551123) 1834570
(776553, 123250) 1987647
(2884996, 2022644) 146267
(1886537, 2659379) 964465
(3980015, 3987237) 552505
(3426483, 3353349) 634915
(999596, 1165648) 1168292
(2518209, 2287271) 530435
(3982110, 3262128) 445353
(3412896, 3999288) 861021
(2716180, 2798731) 193714
(3575486, 1273265) 1013314
(7606, 2926795) 176531
(2719370, 2062251) 104254
(1603268, 1771299) 1386806
(3999678, 1864727) 109230
(3157947, 2833781) 472061
(3904662, 2601010) 283459
(3846359, 1608423) 407283
(2831842, 3562642) 582905
(3157592, 1874755) 521464
(934300, 2824967) 1013423
(3986911, 1907590) 53600
(200888, 3579976) 669932
(967209, 3837958) 1694235
(3998480, 1972726) 109141
[3842919, 406527, 2208821, 39441, 3093352, 3645473, 3645012, 18039, 2375680, 776553, 2884996, 1886537, 3980015, 3426483, 999596, 2518209, 3982110, 3412896, 2716180, 3575486, 7606, 2719370, 1603268, 3999678, 3157947, 3904662, 3846359, 2831842, 3157592, 934300, 3986911, 200888, 967209, 3998480]
[126080, 2094318, 3683408, 1251806, 2404566, 2234498, 2995540, 3083937, 551123, 123250, 2022644, 2659379, 3987237, 3353349, 1165648, 2287271, 3262128, 3999288, 2798731, 1273265, 2926795, 2062251, 1771299, 1864727, 2833781, 2601010, 1608423, 3562642, 1874755, 2824967, 1907590, 3579976, 3837958, 1972726]
[1893066, 1168633, 1326692, 121979, 577623, 614746, 565009, 161808, 1834570, 1987647, 146267, 964465, 552505, 634915, 1168292, 530435, 445353, 861021, 193714, 1013314, 176531, 104254, 1386806, 109230, 472061, 283459, 407283, 582905, 521464, 1013423, 53600, 669932, 1694235, 109141]
Found positive with dist 2
Found negative with dist 2
-5609905 996952
-3659127 1087844
-3315535 1092233
-2645219 1169268
-2640950 1332212
-2244181 1413226
-2134895 1987761
-2132921 2075933
-2025721 2745844
-2025721 2757870
-2025721 2887450
-1916613 2940168
-1830653 3110932
-1823773 3110932
-1804301 3110932
-1587111 3263784
-1288907 3333536
-1266409 3581451
-1218775 3669478
-1214481 3835437
-1165335 4275045
-1020193 4450796
-1008619 4510883
-1002240 4565537
-796229 4677367
-796227 4761373
-761373 4761373
-761373 4761373
-761373 4772690
-716085 4885875
-708049 4920295
-552865 5047499
-545283 5053907
-274629 5265225
-274629 5321197
-191623 5335915
-111163 5510381
-111163 5519667
-84463 5553811
10013 5708625
147895 5755175
147895 5811579
147895 5840901
276265 5862065
299497 5862065
519158 5862065
559727 5862065
561781 5948101
877244 5973635
1090386 6075541
1176514 6075543
1313705 6080347
1334344 6144917
1334344 6222213
1334344 6463789
1447413 6494717
1554837 6499402
1737307 6551163
2709156 6789131
2742658 6798885
2801279 6977389
2856424 7205561
2904090 7218921
2904090 7414747
3095720 7414747
3227706 7689591
4049020 8273205
4564984 8519757
-796228
-3435885 -4232113
